# Created by Octave 5.1.0, Fri Jan 17 13:24:03 2020 GMT <unknown@DESKTOP-A3FI5VA>
# name: rstate
# type: uint32 matrix
# ndims: 2
 625 1
 3260142900
 3671069573
 2615028853
 401815722
 2555511526
 693046302
 137515544
 688224616
 854469096
 4051339235
 3343334456
 1401367308
 609402687
 1449194268
 1108753438
 1537020853
 2200981328
 1934916170
 2111401751
 1529881910
 2617637044
 852258782
 37545466
 2008547613
 2635634315
 1160533462
 3028791331
 2378179121
 657478160
 2648505623
 3102155521
 3753665733
 2469463734
 2960975324
 231164259
 669062092
 1557377362
 3173346129
 3480047379
 617022447
 1975225611
 1046840588
 3268159692
 1393947216
 4073432133
 2168679305
 3990986568
 1674599888
 3835879986
 3560014755
 2092533455
 2962200772
 3922074721
 797932359
 2695490722
 1950306988
 2930565282
 1807718072
 3121933508
 4215358803
 1434065472
 2010252390
 3286065703
 4286652984
 2295998217
 103548692
 689215552
 3733454521
 1594783754
 906935943
 3049773430
 457198586
 3938847953
 3473648047
 429335331
 2851255233
 2700087144
 1633112779
 1439875334
 3805543158
 4271443318
 3269008705
 2136925027
 4006596561
 3558987064
 357456117
 3106539247
 2262124943
 1113757248
 3628203003
 340140943
 25698849
 2545684758
 4063639172
 804524657
 4090660179
 960769822
 3198389426
 3295846609
 1199168445
 3376961913
 3238048170
 497354712
 284265910
 4082203105
 90607927
 414161936
 4290764516
 2587906743
 4281602660
 2395952632
 1734691559
 71319165
 1929879496
 2547686980
 3351500616
 351591289
 4157647341
 2530547807
 699234354
 574090070
 1146105822
 1794814993
 2145344442
 208393320
 2407730687
 190575876
 1896705483
 1797389205
 4268596102
 1653103861
 2235383316
 918508469
 3738352557
 2029263398
 2632444298
 1529396312
 3945452552
 2349132435
 1861127361
 1476004102
 3376227045
 3820958568
 1591896271
 4084661016
 1553534364
 3236902997
 2239120536
 1389824742
 401379729
 1374783921
 232133247
 4270557366
 4175409498
 1864457036
 3452320890
 1943298675
 3510560483
 3612958490
 994272849
 234282878
 2619755646
 3408221788
 2159624152
 3650699954
 3434212887
 1321260460
 889763936
 3898173634
 2278275719
 3437577090
 3893765305
 1380817402
 2630477808
 1898252987
 3996683171
 1755736092
 2311392498
 1016133816
 2580865111
 622908827
 3954025395
 686950386
 3453134709
 2278281735
 4037091215
 3760312171
 2495447214
 2540005705
 907260996
 1597857459
 3452376125
 2443877755
 1915550047
 3986676543
 2541880941
 3326161774
 3123824850
 2550292972
 2348208862
 3644738453
 1918732058
 1801639492
 2381342796
 669029330
 2448827815
 3282190099
 4290316803
 4198831949
 1080535906
 2722243174
 3355820916
 1504191055
 524640380
 692831826
 3227964681
 339613123
 1868120505
 2154274854
 2827944387
 442637708
 1104534750
 2635672376
 163511814
 2508730475
 3441793692
 505841364
 501436347
 4118807772
 3085266240
 2309301998
 493806385
 1244460827
 3218824653
 3742563465
 3823500726
 202450230
 2043649938
 496450851
 1392156377
 4117155563
 1375621681
 1300513721
 3270397421
 627931862
 1124216201
 2964382028
 1715222721
 3676540626
 445652487
 617746753
 3027365463
 3338090686
 588385253
 1422910550
 4007161449
 695971313
 679032453
 3890386976
 2301116807
 1550289979
 3157269523
 965740052
 2151417914
 2371302450
 3504094846
 1061204010
 2938665625
 2414191995
 2785102380
 3661203404
 1212862797
 2305960298
 3749139266
 544416724
 2997681387
 1190193088
 3715041653
 1011789923
 2785963206
 3832905290
 3445759428
 3244077699
 494102546
 3635516900
 8733817
 514700682
 2048887302
 3758580321
 3109306273
 4176152984
 2141512345
 3611666237
 4095907637
 2690079547
 1109427177
 1719423398
 3637366164
 1923447048
 936422068
 2435967500
 3787314508
 2639887994
 171651198
 2994817409
 2896763903
 3159817779
 4213267458
 2748754572
 2259131042
 375554766
 3245681287
 1427862298
 586264288
 3410676889
 482434160
 1738717995
 3800576685
 2697712315
 908880346
 586724200
 1689129550
 706884031
 3511301019
 4055427638
 449049883
 1160221693
 3056784137
 4203243393
 3127801632
 2605813092
 937235960
 3738957813
 1627946507
 3240495759
 2612220148
 2988272695
 3686908964
 2135684895
 3372178656
 4270399722
 3599998785
 1070529039
 3314359266
 2287556522
 3734003834
 3036382713
 329909301
 1148746796
 276965361
 66470984
 3581789891
 1758340846
 1155681351
 3126842392
 1965275316
 1026117727
 2436019496
 2570423802
 3988296634
 2143553080
 1190145735
 270114189
 4268990189
 255636945
 2059952925
 2387009285
 651444860
 3373397799
 2130435238
 269487258
 1855948255
 1313098619
 2574201548
 3016105609
 3936763940
 2275946036
 869582039
 3506401374
 426194825
 3060335824
 261247073
 516843795
 1573610957
 2091592082
 2576492918
 760691408
 2587252823
 4269821479
 3118814172
 3455983106
 1579974343
 3047206411
 2261531705
 138631892
 1564861287
 3922836463
 313125435
 3839480377
 4008246062
 368599632
 3569914992
 3104728921
 707769092
 1522943941
 497416871
 1379942320
 1295503104
 2783538735
 2020746226
 2089580770
 3364442435
 1731420529
 3659579621
 1290994235
 1041436007
 1347769174
 1627707641
 112296202
 855349910
 2294262343
 2710525949
 3289388866
 333404597
 2726041560
 4177280001
 3986517987
 2836337393
 2359906495
 4096724179
 3818109258
 2598672724
 2876422448
 409310189
 2663352583
 2104339878
 2006028978
 300254023
 2070067837
 3983876339
 1776497851
 3589626194
 2148998005
 1699145907
 1362792886
 1727903368
 2515858834
 2257873579
 303207278
 936416047
 825639152
 1244727444
 494353877
 1291144098
 801103518
 3394774126
 3531204939
 87597105
 2351702647
 2286348870
 2287030877
 1872994845
 6534728
 3751877190
 477088986
 98087186
 2769087680
 530030998
 3437679005
 2759308428
 3460170754
 1937255451
 60144316
 4153974857
 934011774
 1824887069
 833215998
 61106614
 1075901764
 1499726609
 3439312148
 3917426357
 3516412218
 413049923
 2337163630
 2868886939
 644793173
 4007013673
 373302674
 1419985723
 3302811993
 730501180
 2758101649
 915518445
 799080336
 3054014947
 3864382807
 1765652611
 4067140171
 278771906
 549749889
 2234862943
 361849919
 1929231495
 3528645825
 182648247
 4292824766
 2850180155
 1852726604
 3551209056
 3182175821
 3600893451
 2255232268
 1806081402
 3189187317
 3471658359
 1302163984
 2406696943
 3269987973
 3017256291
 4065927539
 2335501692
 3798366116
 3131645134
 473523661
 2254957527
 2028144350
 2060094540
 4159071230
 1416882509
 3225346770
 617515955
 3019452670
 1174819928
 3300907056
 2532105907
 627373288
 3676926884
 909056939
 317329466
 736322777
 1679932440
 3852920169
 1907597299
 222775495
 74881048
 3938179876
 2717443385
 675786385
 847320599
 1622604068
 157026788
 3132086911
 1330820714
 1054355216
 760311537
 2758108037
 3925732488
 77712188
 3525100589
 161210876
 3815334502
 1447007631
 113997905
 2144116004
 3912264374
 312307095
 1286010960
 2638926408
 636335847
 3628356933
 1102167968
 2158275677
 4248727344
 3494123278
 4025283959
 2893658155
 2754795270
 2359710706
 1265337370
 14988894
 696254001
 3216485966
 705607902
 1539012386
 431801594
 1607833013
 2814654599
 60280267
 3849929791
 1279443902
 2921068439
 2667609507
 1162986481
 2757976640
 3026907438
 280128177
 331897775
 3909037060
 2032003109
 3971268165
 2811520572
 925802153
 731745831
 3357038670
 494662436
 3444913286
 2353496195
 263834883
 406165739
 897411221
 1436202004
 2775784008
 1566787691
 460338431
 1365887695
 3981584002
